0.00000 -0.00003 0.00016 -0.00081 -0.00032 0.00034 0.00044 0.00061 -0.00304 -0.00003
-0.29024 0.00000 -0.00004 0.00006 0.00040 -0.00080 0.00269 0.00004 -0.00314 -0.01731
-0.02130 -0.19232 0.00000 -0.00002 0.00005 0.00014 0.00110 0.00008 -0.00230 -0.02934
-0.00402 -0.02171 -0.22038 0.00000 -0.00002 0.00015 0.00088 0.00306 -0.00851 -0.02768
-0.01744 0.01179 -0.01856 -0.19513 0.00000 -0.00001 0.00007 0.00021 -0.00598 -0.03511
0.01537 0.01214 0.00676 -0.00777 -0.21573 0.00000 -0.00001 0.00004 -0.00182 -0.03883
0.02733 0.00345 0.00384 0.00110 0.00187 -0.19740 0.00000 -0.00000 -0.00005 -0.02557
-0.00048 -0.01306 0.01871 0.00021 0.01137 -0.00247 -0.20047 0.00000 -0.00000 -0.00028
0.00123 0.00066 0.00094 -0.00063 0.00029 0.00209 0.00160 -0.20077 0.00000 -0.00000
0.07404 -0.00006 -0.00002 -0.00002 0.00001 0.00002 -0.00005 0.00229 -0.16181 -0.00000
