0.00000 -0.50229 0.01501 0.00681 0.00046 0.01148 0.00389 0.06694 -0.01283 0.00054
-0.00000 0.00000 -0.28183 0.01225 -0.00014 -0.00752 -0.01454 0.00033 -0.00006 0.00000
0.00000 -0.00000 0.00000 -0.48146 -0.06206 0.00660 -0.01225 0.00231 -0.00076 0.00000
-0.00003 0.00002 -0.00000 0.00000 -0.28829 -0.02831 -0.02177 0.00090 -0.00052 0.00012
-0.00150 -0.00021 0.00000 -0.00003 0.00000 -0.32374 0.02888 -0.00039 0.00023 -0.00004
-0.00009 0.00027 -0.00003 0.00010 -0.00005 0.00000 -0.00005 0.00002 0.00002 -0.00000
-0.00004 0.00033 -0.00002 -0.00050 0.00050 -0.31095 0.00000 -0.00001 0.00000 0.00004
0.00000 0.01282 0.00155 0.01209 -0.02018 -0.07615 -0.49158 0.00000 -0.00000 0.00008
0.00002 -0.00503 0.00277 0.00660 -0.01444 -0.02933 -0.08846 -0.43040 0.00000 -0.05399
-0.00413 0.12251 -0.01256 -0.00144 -0.02561 -0.14131 0.02627 -0.01843 -0.00003 0.00000
