0.00000 -0.00004 -0.00001 0.00020 0.00013 -0.00002 0.00037 0.00012 -0.00016 -0.00062
-0.48283 0.00000 -0.00003 0.00002 0.00003 -0.00002 -0.00038 0.00238 0.00254 -0.01064
-0.07425 -0.30927 0.00000 -0.00002 0.00000 -0.00002 0.00010 0.02105 0.01396 0.00460
0.00124 -0.06778 -0.30496 0.00000 -0.00000 -0.00000 0.00084 -0.00128 -0.02486 -0.01100
0.04157 0.01573 -0.05136 -0.44122 0.00000 -0.00000 0.00025 0.03849 -0.04681 0.07932
0.08529 -0.06341 -0.07212 -0.12886 -0.53436 -0.00000 -0.53402 0.07151 0.09293 0.13283
-0.01792 -0.03628 0.03454 0.00616 -0.01884 -0.00000 0.00000 -0.89561 -0.07988 0.06049
0.00140 -0.00012 0.00089 -0.00383 0.00000 0.00000 -0.00000 0.00000 -0.30193 -0.07910
0.00121 -0.00104 0.00240 -0.00120 -0.00017 -0.00001 0.00000 -0.00006 0.00000 -0.29957
-0.00443 0.00159 0.00373 -0.00035 0.00002 -0.00000 -0.00005 0.00005 -0.00007 0.00000
