0.00000 -0.00020 -0.04338 0.00707 -0.00011 -0.02109 0.00055 0.00236 0.00044 -0.00016
-0.06984 0.00000 -0.23275 -0.05088 0.01078 -0.03016 0.00494 -0.00024 0.00117 0.00028
-0.00037 -0.00000 0.00000 -0.43003 -0.03966 0.00767 -0.01390 -0.00086 0.00241 -0.00000
0.00112 0.00006 -0.00000 0.00000 -0.25417 0.00836 0.02216 -0.00366 -0.00048 -0.00008
-0.00536 -0.00015 -0.00000 -0.00002 0.00000 -0.28086 0.00057 0.00067 -0.00512 -0.00017
-0.00004 -0.00000 0.00006 0.00012 -0.00003 0.00000 -0.00005 0.00003 0.00003 -0.00003
0.00354 0.00017 -0.00030 0.00033 0.01175 -0.25068 0.00000 -0.00001 0.00000 -0.00034
0.00021 -0.00586 -0.00240 -0.00286 0.00354 -0.06155 -0.43681 0.00000 0.00000 0.00002
-0.00123 -0.00066 0.00069 0.00396 -0.00116 0.01038 -0.04770 -0.39842 0.00000 0.00000
0.00073 0.00006 -0.02194 0.01448 0.00623 -0.14072 0.00256 -0.04650 -0.27563 0.00000
