0.00000 0.00001 0.00003 -0.00000 0.00007 0.00020 -0.00050 -0.00479 -0.00272 -0.00507
0.81230 0.00000 0.00000 -0.00000 -0.00002 -0.00000 -0.00003 -0.02083 -0.00202 0.01588
0.11008 1.02653 0.00000 -0.00000 -0.00000 -0.00001 -0.00004 -0.01353 -0.00738 -0.00330
0.03466 0.03160 1.08429 0.00000 -0.00000 0.00001 -0.00016 0.01494 -0.00616 -0.00492
0.00092 -0.00593 0.25018 1.56281 0.00000 0.00000 -0.75986 -0.09896 0.00732 -0.01605
0.02121 0.01716 0.08353 0.43014 1.21329 0.00000 2.00644 0.58719 0.04331 -0.00512
0.00633 -0.00753 0.01850 -0.07847 -0.00000 -0.00001 0.00000 1.32274 0.05585 -0.00288
0.00082 0.00008 -0.00069 -0.00070 -0.00002 0.00003 0.00000 0.00000 1.09050 0.02830
-0.00130 0.00006 -0.00157 -0.00113 -0.00005 0.00000 0.00003 0.00000 0.00000 0.87870
0.00244 -0.00033 -0.00091 -0.00237 -0.00014 -0.00004 0.00002 0.00000 0.00001 0.00000
