0.00000 1.87205 0.14070 0.09276 0.01641 0.09683 0.01282 0.00051 0.01034 0.00031
0.00000 0.00000 1.26681 0.03148 0.02574 0.07369 -0.00007 0.00134 0.00068 0.00030
0.00000 0.00000 0.00000 0.98901 0.16481 0.06042 0.00126 0.00247 0.00110 0.00033
0.00000 0.00001 0.00000 0.00000 0.37210 0.60774 0.00110 0.00142 0.00178 0.00104
0.00007 0.00010 0.00005 0.00002 0.00000 0.00000 0.00000 0.00000 0.00000 0.00000
0.00003 0.00005 0.00002 0.00001 0.80632 0.00000 0.00001 0.00001 0.00002 0.00003
0.00058 0.00399 0.00235 -0.00015 -0.48725 0.55451 0.00000 0.00000 0.00000 0.00000
0.00098 0.00264 0.00089 -0.00077 -0.04001 0.02998 1.50178 0.00000 0.00000 0.00000
0.00027 -0.00476 -0.00071 0.00105 -0.05463 0.15210 0.07040 1.11425 0.00000 0.00000
-0.00172 -0.01588 0.01753 0.00342 -0.01767 0.07205 0.07515 0.11957 1.27026 0.00000
