0.00001 -0.00004 0.00001 -0.00003 0.00015 0.00058 0.00008 0.00020 -0.00007 -0.00009
0.76209 0.00000 0.00004 -0.00002 -0.00001 0.00020 -0.00014 0.00001 -0.00031 -0.00005
0.01185 0.88665 -0.00000 -0.00001 0.00003 -0.00001 -0.00001 0.00011 0.00018 -0.00024
0.01958 0.01206 0.95994 0.00000 -0.00001 0.00003 -0.00001 -0.00000 0.00004 0.00005
0.02510 0.01010 -0.00820 0.99225 -0.00000 0.00001 -0.00001 -0.00001 0.00000 0.00003
0.01363 0.01058 0.00466 0.01017 1.41699 0.00000 -0.00001 0.00001 -0.00000 0.00004
0.00324 0.00551 0.00200 -0.02640 -1.08754 0.69576 -0.00000 0.00001 0.00001 0.00000
0.00014 -0.00254 0.00099 -0.01387 -0.01693 -0.00490 1.20405 0.00000 -0.00001 -0.00001
-0.01521 0.01470 0.00088 0.00763 0.00087 -0.01547 0.10433 1.44908 -0.00000 0.00001
-0.07639 -0.04351 0.01085 0.01163 0.00583 -0.00295 0.00282 0.27370 1.08127 0.00001
