-0.00000 0.00000 0.00001 0.00002 0.00002 0.00042 0.00017 0.00286 -0.00047 0.00057
1.14169 0.00000 0.00000 0.00001 0.00002 0.00007 0.00000 0.00013 -0.00172 0.00090
-0.00281 1.14925 0.00000 0.00000 0.00001 0.00001 0.00000 -0.00007 -0.00125 0.00137
-0.00527 0.00859 1.17117 0.00000 0.00000 0.00000 0.00000 -0.00000 0.00022 0.00110
0.01152 0.00369 0.01884 1.16357 -0.00000 0.00000 0.00000 0.00001 -0.00025 0.00080
-0.00065 -0.00268 -0.03058 0.02948 1.09958 0.00000 0.00000 0.00000 -0.00007 -0.00149
0.01068 0.01351 -0.00912 -0.04394 0.16831 2.07606 0.00000 1.46731 0.42616 -0.00592
0.00372 0.00537 -0.00397 0.00072 0.01898 0.30706 0.00000 0.00000 1.60721 0.18212
0.00482 0.00485 -0.00506 0.00168 -0.01135 0.05067 0.00000 0.00000 0.00000 1.34825
0.00358 0.00482 -0.00232 -0.00078 -0.00359 -0.00270 0.00000 0.00000 0.00000 0.00000
