0.00000 1.06890 2.60602 0.12271 0.01778 0.06139 -0.02025 -0.03849 -0.05378 0.31230
0.00000 0.00000 0.00000 0.19078 -0.02052 0.01407 0.00669 0.00687 0.02286 0.00004
0.00000 0.30677 0.00000 1.02996 0.08372 -0.06967 0.01567 0.10302 0.05913 -0.00000
0.00000 0.00000 0.00000 -0.00000 0.93500 0.04502 0.16647 0.00010 -0.00016 -0.00000
0.00000 0.00002 0.00000 0.00000 0.00000 0.75807 -0.00002 0.00008 -0.00019 0.00003
0.00005 0.00026 0.00001 0.00001 0.00001 0.00000 0.00000 0.00001 0.00002 0.00003
0.00003 -0.00012 -0.00003 -0.00001 0.18040 0.78063 0.00000 0.00000 0.00000 0.00000
0.00001 -0.00004 -0.00007 0.08550 0.01195 0.02801 0.96726 0.00000 0.00000 0.00000
0.00000 0.00032 -0.00017 0.00774 -0.03023 -0.04556 0.06014 1.06089 0.00000 0.00000
0.00000 -0.00318 0.22125 -0.04737 0.10259 0.06521 0.05699 0.44437 2.67871 0.00000
