0.00000 0.00000 0.00000 0.00002 0.00002 0.00048 0.00176 0.00636 0.01274 0.01668
1.08798 0.00000 -0.00000 0.00000 0.00001 0.00001 0.00007 0.00051 -0.00026 0.00167
0.01319 1.09903 0.00000 0.00000 0.00000 0.00001 0.00002 -0.00003 0.00020 0.00001
-0.00411 -0.00798 1.08080 0.00000 -0.00000 0.00000 0.00000 0.00000 -0.00001 0.00001
-0.00164 0.00352 0.01037 1.06595 0.00000 0.00000 0.00000 -0.00000 0.00000 0.00001
-0.00098 0.00061 -0.00001 -0.00424 0.94058 0.00000 0.00000 0.00000 0.00000 0.00000
-0.00044 0.00084 -0.00344 -0.00088 0.02654 1.01612 0.00000 0.00000 0.00000 0.00000
0.00016 0.00010 -0.00067 0.00056 -0.00328 0.03637 1.10583 0.00000 0.00000 0.00000
-0.00011 0.00017 -0.00008 0.00040 0.00111 -0.01927 0.31307 1.36178 0.00000 0.00000
-0.00008 0.00012 0.00014 0.00048 0.00204 -0.01307 0.18307 0.75157 1.36143 0.00000
