0.00000 -0.00003 -0.00026 -0.00240 -0.00272 -0.00013 -0.00076 -0.00347 -0.00146 -0.00079
-0.32257 0.00000 -0.20726 0.00125 -0.00644 0.00015 0.00217 0.00114 0.00532 -0.00064
-0.04055 -0.00004 0.00000 -0.00004 0.00010 -0.00001 0.00413 0.00089 -0.00050 0.00036
0.00139 0.02240 -0.21489 0.00000 -0.00006 0.00000 0.00470 0.00152 -0.01088 -0.00302
-0.00163 -0.00106 -0.03966 -0.19988 0.00000 -0.00000 -0.00460 0.00011 0.00002 -0.02751
-0.01952 0.01079 -0.01644 0.00784 -0.92652 0.00000 -0.92533 -0.03951 0.00027 -0.10908
-0.00195 -0.00324 0.00358 -0.00330 -0.01168 -0.00000 0.00000 -0.23216 -0.00059 0.00183
0.00227 0.00044 0.00215 0.00495 0.00721 0.00000 -0.00003 0.00000 -0.00004 0.00015
0.00076 0.00188 -0.00208 -0.00296 0.00594 0.00049 0.03407 -0.23592 0.00000 -0.18483
-0.00688 -0.02207 -0.01115 0.00293 -0.00105 -0.00000 0.00934 -0.03624 -0.00006 0.00000
