0.00000 -0.00001 -0.00013 -0.00161 -0.00213 0.01607 0.00620 0.00185 0.00039 -0.00602
-0.36547 0.00000 -0.22458 0.00072 0.00825 0.01107 0.00126 -0.00731 0.00428 -0.00405
-0.02874 -0.00001 0.00000 -0.00002 -0.00026 -0.03247 -0.00059 0.00290 0.00167 0.00219
0.00450 0.02246 -0.24667 0.00000 -0.25754 -0.29660 0.00594 -0.00235 0.01078 -0.00012
0.00521 -0.00118 -0.02681 -0.00002 0.00000 -1.41004 0.00002 -0.00201 0.00380 -0.00636
0.00159 -0.00252 -0.00041 -0.00000 -0.00000 0.00000 -0.00000 0.00003 -0.00078 -0.00093
0.00056 -0.00066 0.00232 0.00310 0.02124 -1.35731 0.00000 -0.00002 -0.04842 0.00331
0.00372 -0.00322 0.00500 0.00153 0.00103 -0.13601 -0.23197 0.00000 -0.24137 -0.00044
0.00349 0.00066 -0.00340 0.00094 0.00970 0.04404 0.00010 -0.00001 0.00000 -0.00002
0.00133 -0.00258 0.01555 0.00202 -0.00295 0.04103 -0.00608 0.00824 -0.24230 0.00000
