0.00000 -0.00000 0.00004 0.00001 -0.00024 0.00123 -0.00032 0.00002 -0.00053 -0.00043
-2.67565 0.00000 -0.00002 0.00015 -0.00448 0.00637 -0.00543 0.00401 -0.00550 -0.00211
-0.22893 -0.12346 0.00000 0.00006 -0.00021 -0.00164 0.00051 0.00378 0.00119 0.00137
0.01569 -0.00307 -0.13003 0.00000 -0.12990 -0.00179 -0.00043 0.00360 -0.00174 0.00115
-0.01061 -0.00043 0.00147 0.00003 0.00000 -0.12292 0.00080 0.00071 0.00018 -0.00170
0.03949 0.00071 -0.00122 -0.00023 -0.00010 0.00000 0.00003 0.00017 -0.00004 0.00004
-0.01375 -0.00050 0.00820 -0.00519 0.00473 -0.14324 0.00000 0.00001 0.00012 0.00013
0.01399 0.00007 0.00074 -0.00134 0.00318 -0.00324 -0.16494 0.00000 0.00004 0.00006
-0.01636 0.00021 -0.00087 0.00074 0.01430 0.00733 -0.01046 -0.14192 0.00000 -0.00012
-0.00085 -0.00076 0.00235 0.00002 -0.00494 0.00402 0.00899 -0.01263 -0.11533 0.00000
