0.00000 0.00000 0.00001 0.00008 -0.00029 0.00039 -0.00038 -0.00036 0.00066 -0.00054
0.63396 0.00000 0.00000 0.00001 0.26235 0.00007 -0.00004 -0.00004 0.00045 0.02429
0.07645 0.67953 0.00000 0.00000 0.20670 0.00002 -0.00003 -0.06548 -0.00204 -0.03482
0.03958 0.08957 0.75682 0.00000 2.29693 0.00001 -0.75961 -0.07416 -0.08163 0.01658
-0.00113 -0.00004 0.00002 0.00000 0.00000 0.00000 -0.00000 -0.00002 0.00009 0.00159
0.00029 0.12232 0.14394 0.63434 4.01893 0.00000 1.09763 0.21217 0.12907 -0.00213
-0.01169 -0.04375 -0.06185 -0.00000 -2.20042 0.00000 0.00000 0.72719 0.08480 0.02723
-0.00319 -0.03973 -0.00011 -0.00001 -0.14317 0.00001 0.00000 0.00000 0.68534 0.07721
0.00019 0.01370 -0.00041 -0.00005 -0.06351 0.00004 0.00001 0.00000 0.00000 0.66156
-0.00341 0.00012 -0.00003 -0.00026 -0.01766 0.00026 0.00007 0.00001 0.00000 0.00000
