0.00000 0.00000 0.00000 0.00001 0.00003 0.00007 -0.00003 0.00003 0.00008 0.00006
4.72814 0.00000 0.00000 0.00001 0.00004 0.00010 0.00013 0.00005 0.00066 -0.00047
0.16959 0.53620 0.00000 0.00000 0.00002 0.00003 -0.00002 0.00008 0.00067 -0.00101
0.13137 0.05866 0.63249 0.00000 0.00000 0.00002 -0.11626 -0.06008 0.00115 -0.00267
0.07005 0.17323 0.04671 0.78626 0.00000 0.00001 -0.83122 -0.05574 -0.03288 -0.00915
0.27039 0.09675 0.28431 0.12961 0.64074 0.00000 1.24502 0.16239 0.04221 0.00145
-0.17155 -0.02297 -0.11007 -0.00002 -0.00000 0.00000 0.00000 0.69406 0.11710 0.01804
-0.03925 -0.02157 -0.06341 -0.00004 -0.00001 0.00001 0.00000 0.00000 0.72315 0.11599
0.04518 -0.00941 -0.00556 -0.00020 -0.00006 0.00004 0.00001 0.00000 0.00000 0.62702
0.06343 -0.01013 0.00441 -0.00111 -0.00047 0.00028 0.00004 0.00001 0.00000 0.00000
