0.00000 0.00000 0.05510 -0.00086 0.04406 0.00000 -0.00001 -0.00012 -0.00252 -0.00117
0.60456 0.00000 0.43723 0.09102 0.00782 0.00000 -0.00000 -0.00002 -0.00022 -0.00020
0.00001 0.00000 0.00000 0.55846 0.01816 0.00000 -0.00004 -0.00030 -0.00556 -0.00267
0.00007 0.00000 0.00000 0.00000 0.63045 0.00000 -0.00034 -0.00366 -0.01369 -0.02355
0.00002 0.00003 0.00000 0.00000 0.00000 0.00000 -0.00416 -0.01919 -0.41906 0.00416
0.02482 1.17702 0.50627 0.40250 0.37828 0.00000 0.27402 0.38578 1.43444 0.10157
-0.00311 -0.09997 -0.01123 -0.00037 -0.00002 0.00000 0.00000 0.00000 0.00000 0.00002
-0.00003 -0.01694 -0.00051 -0.00002 -0.00000 0.00000 0.64072 0.00000 0.00000 0.00000
-0.00003 -0.00052 -0.00002 -0.00000 -0.00000 0.00000 0.02851 0.49856 0.00000 0.63195
-0.00016 -0.00423 -0.00015 -0.00001 -0.00000 0.00000 0.00327 0.08399 0.00000 0.00000
