0.00000 0.00000 0.00000 0.32335 0.13228 0.11033 0.00001 0.00010 0.00599 0.00013
0.68742 0.00000 0.00000 0.30487 0.09371 0.03383 0.00000 0.00001 0.00081 0.00004
0.22035 0.81028 0.00000 0.22003 0.00714 0.06247 0.00000 0.00000 0.00004 -0.00000
0.00000 0.00000 0.00000 0.00000 0.44697 0.15675 0.00002 0.00019 0.01057 0.00040
0.00000 0.00000 0.00001 0.00000 0.00000 2.40252 0.00024 0.00613 0.27551 0.01235
0.00000 0.00000 0.00002 0.00000 0.00000 0.00000 0.00000 0.00000 0.00001 0.00000
0.00002 0.01121 0.23368 0.00210 0.00006 2.26791 0.00000 0.00000 0.00000 -0.00000
0.00001 0.00069 0.01177 0.00011 0.00001 0.24846 0.48108 0.00000 0.00000 -0.00000
-0.00000 0.00001 0.00014 0.00000 0.00000 0.09365 0.02358 0.37326 0.00000 0.81871
0.00001 0.00009 0.00262 0.00002 0.00000 0.12311 0.20678 0.42554 0.00000 0.00000
