0.00000 0.00000 0.00000 0.00003 0.00001 0.00005 0.00000 0.00002 0.00006 0.00001
6.17206 0.00000 0.74932 0.00205 0.02020 0.00112 0.00001 0.00003 0.00011 0.00003
0.74805 0.00000 0.00000 0.70591 -0.00656 0.01079 0.00003 0.00022 0.00106 0.00014
0.06749 0.00000 0.00000 0.00000 0.66155 0.01901 0.00029 0.00291 0.01848 0.00141
0.27189 0.00002 0.00000 0.00000 0.00000 0.59363 0.00420 0.04456 0.02988 0.02727
0.05548 0.00019 0.00001 0.00000 0.00000 0.00000 0.09754 -0.00346 0.45927 0.03196
0.03987 0.07298 0.00230 0.00025 0.00004 0.00001 0.00000 0.00000 0.00000 0.00001
0.02940 0.01331 0.00052 0.00007 0.00001 0.00000 0.60839 0.00000 0.00000 0.00000
0.01266 0.00232 0.00008 0.00001 0.00000 0.00000 0.04837 0.55110 0.00000 0.79353
0.02078 0.01164 0.00054 0.00006 0.00001 0.00000 0.01401 0.13007 0.00000 0.00000
