0.00000 -0.00007 0.00203 -0.00321 0.01318 0.00273 0.00003 -0.00475 -0.00115 -0.00092
-0.23396 0.00000 -0.13280 0.00538 -0.00104 -0.00236 0.00057 -0.00649 0.00083 0.00077
-0.00824 -0.00007 0.00000 -0.13000 0.00107 0.00593 -0.00015 0.00336 -0.00325 -0.00292
0.00417 0.00135 -0.00010 0.00000 -0.14885 0.00621 0.00006 -0.00090 -0.00387 -0.01123
0.00183 -0.00761 0.00081 -0.00014 0.00000 -0.34362 0.00191 -0.00040 0.00105 -0.00937
-0.00342 -0.00065 -0.00153 0.00029 -0.00004 0.00000 0.00000 -0.00034 0.00062 -0.00247
-0.03489 -0.00051 -0.01607 -0.02733 -0.00474 -2.02430 0.00000 -0.82338 0.02973 0.00536
0.00209 -0.00118 0.00081 -0.01071 -0.00316 0.01466 -0.00000 0.00000 -0.14957 0.00922
0.00280 0.00561 0.00081 0.00370 0.01469 -0.01044 -0.00001 -0.00015 0.00000 -0.14286
0.00112 0.00266 0.00266 -0.00151 -0.00201 -0.00894 -0.00062 0.00059 -0.00013 0.00000
